  -2.50000
  -2.48500
  -2.47000
  -2.45500
  -2.44000
  -2.42500
  -2.41000
  -2.39500
  -2.38000
  -2.36500
  -2.35000
  -2.33500
  -2.32000
  -2.30500
  -2.29000
  -2.27500
  -2.26000
  -2.24500
  -2.23000
  -2.21500
  -2.20000
  -2.18500
  -2.17000
  -2.15500
  -2.14000
  -2.12500
  -2.11000
  -2.09500
  -2.08000
  -2.06500
  -2.05000
  -2.03500
  -2.02000
  -2.00500
  -1.99000
  -1.97500
  -1.96000
  -1.94500
  -1.93000
  -1.91500
  -1.90000
  -1.88500
  -1.87000
  -1.85500
  -1.84000
  -1.82500
  -1.81000
  -1.79500
  -1.78000
  -1.76500
  -1.75000
  -1.73500
  -1.72000
  -1.70500
  -1.69000
  -1.67500
  -1.66000
  -1.64500
  -1.63000
  -1.61500
  -1.60000
  -1.58500
  -1.57000
  -1.55500
  -1.54000
  -1.52500
  -1.51000
  -1.49500
  -1.48000
  -1.46500
  -1.45000
  -1.43500
  -1.42000
  -1.40500
  -1.39000
  -1.37500
  -1.36000
  -1.34500
  -1.33000
  -1.31500
  -1.30000
  -1.28500
  -1.27000
  -1.25500
  -1.24000
  -1.22500
  -1.21000
  -1.19500
  -1.18000
  -1.16500
  -1.15000
  -1.13500
  -1.12000
  -1.10500
  -1.09000
  -1.07500
  -1.06000
  -1.04500
  -1.03000
  -1.01500
  -1.00000
  -0.98500
  -0.97000
  -0.95500
  -0.94000
  -0.92500
  -0.91000
  -0.89500
  -0.88000
  -0.86500
  -0.85000
  -0.83500
  -0.82000
  -0.80500
  -0.79000
  -0.77500
  -0.76000
  -0.74500
  -0.73000
  -0.71500
  -0.70000
  -0.68500
  -0.67000
  -0.65500
  -0.64000
  -0.62500
  -0.61000
  -0.59500
  -0.58000
  -0.56500
  -0.55000
  -0.53500
  -0.52000
  -0.50500
  -0.49000
  -0.47500
  -0.46000
  -0.44500
  -0.43000
  -0.41500
  -0.40000
  -0.38500
  -0.37000
  -0.35500
  -0.34000
  -0.32500
  -0.31000
  -0.29500
  -0.28000
  -0.26500
  -0.25000
  -0.23500
  -0.22000
  -0.20500
  -0.19000
  -0.17500
  -0.16000
  -0.14500
  -0.13000
  -0.11500
  -0.10000
  -0.08500
  -0.07000
  -0.05500
  -0.04000
  -0.02500
  -0.01000
   0.00500
   0.02000
   0.03500
   0.05000
   0.06500
   0.08000
   0.09500
   0.11000
   0.12500
   0.14000
   0.15500
   0.17000
   0.18500
   0.20000
   0.21500
   0.23000
   0.24500
   0.26000
   0.27500
   0.29000
   0.30500
   0.32000
   0.33500
   0.35000
   0.36500
   0.38000
   0.39500
   0.41000
   0.42500
   0.44000
   0.45500
   0.47000
   0.48500
   0.50000
